1.000000 -0.000000
0.999660  0.000044
0.998639  0.000178
0.996939  0.000399
0.994563  0.000707
0.991513  0.001102
0.987794  0.001580
0.983411  0.002141
0.978369  0.002782
0.972675  0.003501
0.966337  0.004294
0.959363  0.005158
0.951763  0.006091
0.943547  0.007087
0.934725  0.008145
0.925310  0.009259
0.915315  0.010425
0.904753  0.011640
0.893637  0.012899
0.881984  0.014198
0.869808  0.015531
0.857127  0.016895
0.843957  0.018286
0.830317  0.019697
0.816224  0.021125
0.801697  0.022566
0.786757  0.024014
0.771424  0.025465
0.755719  0.026914
0.739662  0.028357
0.723276  0.029790
0.706583  0.031207
0.689606  0.032605
0.672368  0.033978
0.654892  0.035322
0.637202  0.036633
0.619323  0.037907
0.601279  0.039138
0.583094  0.040323
0.564794  0.041456
0.546403  0.042535
0.527947  0.043554
0.509451  0.044510
0.490940  0.045398
0.472440  0.046214
0.453977  0.046955
0.435575  0.047617
0.417260  0.048196
0.399054  0.048689
0.380940  0.049080
0.362987  0.049357
0.345221  0.049518
0.327667  0.049561
0.310349  0.049486
0.293291  0.049292
0.276518  0.048978
0.260052  0.048546
0.243917  0.047995
0.228136  0.047328
0.212730  0.046547
0.197722  0.045653
0.183131  0.044649
0.168979  0.043539
0.155284  0.042327
0.142067  0.041016
0.129345  0.039611
0.117136  0.038117
0.105457  0.036539
0.094324  0.034882
0.083752  0.033152
0.073755  0.031354
0.064348  0.029495
0.055542  0.027581
0.047350  0.025616
0.039783  0.023608
0.032851  0.021560
0.026562  0.019480
0.020926  0.017372
0.015949  0.015241
0.011639  0.013091
0.007999  0.010927
0.005036  0.008752
0.002752  0.006570
0.001150  0.004382
0.000233  0.002192
0.000000  0.000000
0.000450 -0.002158
0.001580 -0.004246
0.003389 -0.006264
0.005872 -0.008211
0.009028 -0.010085
0.012849 -0.011886
0.017332 -0.013612
0.022469 -0.015261
0.028254 -0.016833
0.034677 -0.018327
0.041730 -0.019740
0.049402 -0.021071
0.057684 -0.022320
0.066563 -0.023485
0.076028 -0.024566
0.086064 -0.025562
0.096659 -0.026472
0.107798 -0.027297
0.119466 -0.028036
0.131646 -0.028690
0.144323 -0.029259
0.157479 -0.029746
0.171097 -0.030150
0.185158 -0.030473
0.199644 -0.030719
0.214534 -0.030888
0.229810 -0.030985
0.245451 -0.031011
0.261436 -0.030970
0.277744 -0.030865
0.294353 -0.030701
0.311240 -0.030481
0.328384 -0.030209
0.345762 -0.029889
0.363350 -0.029527
0.381125 -0.029125
0.399063 -0.028689
0.417187 -0.028212
0.435426 -0.027687
0.453755 -0.027116
0.472148 -0.026505
0.490581 -0.025856
0.509028 -0.025173
0.527464 -0.024460
0.545865 -0.023721
0.564205 -0.022960
0.582460 -0.022179
0.600603 -0.021381
0.618612 -0.020570
0.636461 -0.019749
0.654125 -0.018921
0.671581 -0.018087
0.688805 -0.017251
0.705773 -0.016415
0.722462 -0.015581
0.738850 -0.014752
0.754912 -0.013928
0.770629 -0.013113
0.785978 -0.012307
0.800937 -0.011513
0.815487 -0.010733
0.829608 -0.009967
0.843279 -0.009219
0.856483 -0.008488
0.869200 -0.007778
0.881414 -0.007088
0.893108 -0.006422
0.904264 -0.005781
0.914869 -0.005165
0.924907 -0.004578
0.934364 -0.004019
0.943227 -0.003491
0.951484 -0.002995
0.959124 -0.002533
0.966135 -0.002106
0.972509 -0.001715
0.978236 -0.001362
0.983308 -0.001047
0.987718 -0.000772
0.991460 -0.000538
0.994528 -0.000345
0.996920 -0.000195
0.998630 -0.000087
0.999657 -0.000022
 1.000000  0.000000