  1.000000 -0.000000
  0.999189  0.000125
  0.996759  0.000500
  0.992717  0.001121
  0.987076  0.001982
  0.979854  0.003075
  0.971073  0.004388
  0.960762  0.005911
  0.948954  0.007628
  0.935684  0.009525
  0.920997  0.011584
  0.904938  0.013788
  0.887559  0.016117
  0.868915  0.018554
  0.849067  0.021077
  0.828077  0.023666
  0.806014  0.026303
  0.782948  0.028966
  0.758954  0.031636
  0.734110  0.034292
  0.708496  0.036915
  0.682195  0.039485
  0.655293  0.041983
  0.627877  0.044390
  0.600037  0.046687
  0.571863  0.048857
  0.543447  0.050880
  0.514883  0.052740
  0.486265  0.054420
  0.457686  0.055905
  0.429241  0.057181
  0.401022  0.058232
  0.373124  0.059049
  0.345639  0.059620
  0.318657  0.059937
  0.292155  0.059983
  0.266076  0.059582
  0.240781  0.058689
  0.216359  0.057328
  0.192897  0.055530
  0.170478  0.053329
  0.149178  0.050761
  0.129073  0.047868
  0.110230  0.044692
  0.092713  0.041279
  0.076580  0.037674
  0.061883  0.033922
  0.048669  0.030068
  0.036978  0.026156
  0.026846  0.022225
  0.018301  0.018312
  0.011367  0.014451
  0.006061  0.010669
  0.002394  0.006990
  0.000374  0.003429
  0.000000  0.000000
  0.001257 -0.003212
  0.004124 -0.006125
  0.008585 -0.008740
  0.014621 -0.011061
  0.022206 -0.013094
  0.031310 -0.014847
  0.041898 -0.016330
  0.053933 -0.017558
  0.067371 -0.018544
  0.082167 -0.019308
  0.098270 -0.019867
  0.115629 -0.020246
  0.134186 -0.020467
  0.153884 -0.020558
  0.174662 -0.020546
  0.196455 -0.020461
  0.219197 -0.020333
  0.242821 -0.020194
  0.267256 -0.020076
  0.292430 -0.020010
  0.318535 -0.019965
  0.345344 -0.019789
  0.372657 -0.019482
  0.400387 -0.019060
  0.428444 -0.018536
  0.456739 -0.017923
  0.485179 -0.017236
  0.513673 -0.016488
  0.542128 -0.015692
  0.570452 -0.014859
  0.598554 -0.014000
  0.626341 -0.013125
  0.653724 -0.012242
  0.680612 -0.011360
  0.706919 -0.010484
  0.732557 -0.009621
  0.757443 -0.008774
  0.781495 -0.007949
  0.804634 -0.007148
  0.826784 -0.006375
  0.847871 -0.005633
  0.867826 -0.004925
  0.886583 -0.004252
  0.904079 -0.003619
  0.920257 -0.003027
  0.935062 -0.002480
  0.948445 -0.001980
  0.960361 -0.001531
  0.970771 -0.001134
  0.979639 -0.000794
  0.986936 -0.000511
  0.992637 -0.000289
  0.996723 -0.000129
  0.999180 -0.000032
  1.000000  0.000000